data/Sub40x40/saz.asc
ncols 40
nrows 40
xllcorner 457900
yllcorner 5716800
cellsize 100
NODATA_value -9999
7 18 26 36 40 31 354 317 313 321 322 331 42 64 65 68 65 57 33 313 314 324 308 298 305 315 312 45 91 93 86 86 85 84 153 217 123 91 162 183
4 11 17 21 23 17 358 336 330 335 339 351 34 47 47 48 45 37 14 337 330 335 334 327 325 329 338 65 90 97 102 95 89 87 116 188 203 110 95 144
3 16 25 27 24 17 1 338 324 322 326 19 61 54 49 46 40 25 4 346 337 335 335 332 327 318 33 97 97 105 126 114 109 103 95 136 206 204 56 17
185 189 172 68 33 24 13 347 305 264 219 141 101 77 64 50 33 14 359 349 340 334 328 315 272 207 142 111 108 120 142 123 116 113 86 83 164 210 213 209
185 192 194 189 174 107 53 49 200 206 195 165 136 111 92 69 37 11 356 344 324 286 221 198 190 188 132 109 109 123 147 126 117 115 103 86 94 190 211 197
184 193 199 198 194 194 159 114 135 184 193 176 149 126 115 113 124 156 180 189 191 189 191 195 199 191 122 103 101 111 130 120 129 138 131 109 97 126 199 195
185 197 204 202 201 206 190 146 133 166 190 181 155 131 128 133 142 164 177 181 186 193 202 203 202 187 115 95 92 103 128 115 125 147 146 129 111 107 164 188
188 201 206 205 206 211 204 169 144 153 170 177 163 136 132 137 141 158 167 171 182 193 200 200 201 191 114 94 92 102 134 118 114 136 147 135 126 119 133 168
189 202 207 208 205 208 208 194 175 149 136 156 160 142 134 135 137 147 154 163 178 192 198 200 205 204 121 94 91 97 131 131 123 136 147 138 133 137 149 172
190 202 208 205 200 209 219 219 212 173 95 97 123 133 135 136 134 137 141 150 171 191 198 202 209 213 155 92 86 90 120 144 141 144 151 145 135 133 155 183
187 200 205 203 210 237 250 248 237 212 113 90 94 107 124 130 128 132 134 128 144 185 200 208 215 218 205 96 85 92 117 149 148 145 150 149 142 135 152 180
184 194 199 215 246 263 265 258 246 225 149 104 93 90 98 108 107 109 107 67 58 83 193 216 220 222 223 142 88 93 111 146 141 136 144 146 147 140 150 177
187 183 182 218 246 250 247 243 235 217 165 109 93 86 84 82 71 51 19 11 36 58 93 205 217 223 229 214 92 87 94 132 135 129 134 139 142 138 150 178
186 169 179 223 242 241 237 234 226 209 185 130 93 81 74 66 54 39 20 12 49 68 80 149 209 224 233 231 105 88 93 130 147 135 133 146 146 133 151 184
182 160 183 235 241 235 231 225 218 210 205 164 101 80 66 57 59 69 82 98 87 85 86 100 193 225 232 232 152 97 95 119 150 117 123 148 158 137 151 189
180 163 193 234 230 223 223 224 224 229 231 194 111 84 68 61 63 69 78 110 114 102 95 90 122 225 231 227 180 113 99 106 169 103 104 128 155 143 158 195
169 168 223 253 243 238 242 245 249 253 250 211 122 88 74 76 73 68 69 79 90 82 73 71 81 201 227 219 188 133 111 121 176 125 105 111 137 144 172 201
158 186 258 274 278 276 268 256 250 245 236 211 163 81 61 71 80 79 73 69 64 52 51 58 73 123 220 206 185 154 129 141 172 139 114 111 124 140 187 206
171 230 266 269 271 271 253 240 236 234 231 226 227 65535 49 65 74 81 79 72 66 58 62 69 77 96 191 179 174 165 149 161 168 148 128 116 117 133 198 201
193 252 266 264 256 250 234 233 236 238 239 241 246 236 99 72 69 70 71 68 71 85 97 93 87 90 140 161 159 161 158 173 165 145 133 120 112 127 196 193
223 255 259 255 244 237 229 231 236 238 237 236 234 214 164 101 74 67 63 65 72 85 98 97 84 74 79 115 142 142 135 162 165 139 127 118 104 111 184 189
179 243 249 242 231 235 235 232 236 233 230 228 225 210 187 158 96 74 68 74 78 79 75 61 47 42 43 48 55 98 122 147 165 146 125 118 99 93 136 180
153 228 240 235 232 239 243 238 234 229 226 225 221 213 206 186 129 89 73 75 78 73 60 43 34 34 42 49 51 63 76 80 115 141 138 137 124 107 98 132
127 211 239 240 243 243 242 230 218 220 220 223 224 226 227 214 140 98 72 72 77 74 61 51 47 50 62 71 74 69 58 55 69 92 111 113 99 80 59 49
88 163 239 244 247 244 237 219 206 206 211 220 229 235 237 233 176 91 78 76 77 76 67 59 62 76 87 86 72 47 40 44 45 41 32 24 29 31 41 38
72 101 234 244 246 244 230 208 202 203 212 225 235 239 238 235 225 98 88 83 73 67 66 66 70 79 80 61 32 20 19 21 20 21 20 20 28 34 42 32
77 91 224 244 244 242 232 194 191 207 225 236 242 241 236 232 229 188 91 81 67 57 57 63 66 62 49 28 19 20 19 18 15 16 19 23 30 35 43 32
86 91 179 240 240 240 231 173 178 223 240 239 242 240 235 230 230 225 100 80 71 58 59 62 59 48 36 29 32 31 21 16 13 15 19 24 31 39 49 39
97 94 124 235 239 237 217 172 193 245 256 238 240 240 235 231 233 234 202 80 78 73 67 64 62 57 53 56 57 45 28 16 12 17 23 27 38 51 62 54
90 92 109 226 237 227 201 178 206 231 222 219 237 242 238 236 238 238 233 69 61 66 68 66 66 65 67 70 69 64 60 55 50 56 59 55 62 70 75 70
112 98 103 209 234 218 201 200 232 234 219 219 233 242 242 240 241 240 242 274 46 53 61 68 67 64 65 70 75 85 107 139 162 166 153 139 104 91 89 87
145 119 113 189 240 237 259 294 309 305 276 248 246 247 245 242 243 245 248 254 41 58 68 78 76 72 71 81 89 101 117 135 156 167 169 162 116 103 101 109
155 132 126 201 261 276 291 302 316 330 335 315 285 269 259 252 252 254 254 248 211 97 90 93 92 83 81 92 100 106 112 123 143 167 185 177 132 114 111 123
158 137 135 261 282 289 290 294 305 319 328 330 316 295 278 266 262 260 255 244 207 133 107 99 93 85 84 93 97 94 90 94 108 145 183 179 147 129 123 136
160 145 180 279 285 285 283 285 296 310 306 310 306 284 263 255 254 253 247 234 199 144 119 106 92 83 86 92 90 79 74 74 79 97 151 173 151 134 131 149
166 165 268 283 280 277 276 276 284 297 276 245 222 219 220 231 242 248 241 221 192 152 129 119 100 85 87 91 88 78 80 90 97 100 117 153 152 132 126 150
182 243 279 280 275 272 270 267 258 231 212 202 200 204 212 230 249 260 242 200 188 163 147 148 130 104 98 97 100 104 109 114 115 113 114 129 142 131 116 91
304 290 278 265 261 261 257 250 234 204 193 193 198 206 221 246 264 272 218 162 180 167 163 174 158 144 138 135 142 146 142 140 133 122 114 113 110 86 31 5
340 321 312 281 256 246 237 227 210 195 193 198 207 222 245 264 271 271 127 135 171 167 167 170 154 149 152 153 152 151 149 148 144 130 112 80 31 11 5 1
327 311 320 307 264 249 241 231 217 211 213 225 241 255 265 270 271 268 106 111 151 155 149 139 127 128 134 136 132 129 126 127 128 118 100 40 4 7 21 16
