data/Sub40x40/slope.asc
ncols 40
nrows 40
xllcorner 457900
yllcorner 5716800
cellsize 100
NODATA_value -9999
43 43 41 43 45 39 32 43 49 44 39 28 28 48 50 47 38 27 14 17 21 24 32 41 42 44 45 19 65 42 16 24 27 19 3 9 6 8 7 16
58 63 68 70 71 70 68 71 68 57 46 32 33 50 61 62 52 42 34 37 44 52 60 67 69 66 47 44 73 38 16 23 25 20 12 14 12 6 10 13
7 15 30 45 55 60 57 50 38 24 13 7 16 30 48 61 61 55 57 62 65 69 72 68 53 32 5 58 79 39 18 23 24 18 17 10 18 12 6 18
18 16 9 7 20 30 28 18 11 8 5 5 9 15 27 41 53 61 66 67 64 55 40 24 11 13 24 67 80 41 20 23 22 13 13 15 9 21 16 2
22 22 20 16 10 4 9 7 2 8 9 8 9 11 16 19 22 28 30 27 20 11 11 17 19 17 27 72 77 35 17 20 17 9 9 15 14 12 24 23
27 26 24 20 17 12 7 8 6 8 9 9 9 12 15 13 9 7 8 11 15 18 18 15 14 13 28 73 69 25 12 18 15 10 9 12 18 12 18 27
28 28 26 23 20 17 12 9 9 7 8 9 9 14 17 16 15 14 14 13 12 12 12 12 13 12 26 67 66 24 13 18 15 11 11 13 17 15 9 20
24 26 27 26 24 21 15 10 8 6 8 11 12 17 19 18 16 13 17 24 29 27 21 17 15 12 22 61 67 30 13 16 15 10 11 14 17 15 10 13
22 24 25 26 26 27 24 15 7 5 7 10 14 18 19 16 15 22 38 53 61 61 53 40 28 17 18 56 67 36 15 15 16 13 13 16 18 18 14 11
17 20 23 24 26 29 27 18 9 3 5 8 12 16 16 15 22 36 49 54 57 66 71 67 55 36 15 47 66 45 20 19 19 18 17 17 18 18 13 11
9 13 18 22 21 22 23 17 9 4 3 10 15 16 13 17 35 47 43 37 30 36 51 62 66 57 28 33 66 57 31 21 20 19 17 17 18 16 12 12
8 8 11 14 19 23 21 16 9 4 3 9 16 18 13 20 39 39 21 19 27 15 19 39 54 63 51 16 65 71 36 16 14 16 16 17 16 15 13 11
13 13 15 18 25 26 22 17 11 6 4 8 14 17 15 20 34 38 35 39 46 44 17 24 43 57 63 29 55 81 40 11 13 15 15 14 12 15 14 10
16 20 23 26 29 27 25 21 15 10 7 6 11 15 16 18 25 31 29 26 39 58 40 16 34 50 63 49 36 83 49 17 15 16 17 14 13 18 16 13
21 24 21 30 30 27 26 25 21 15 9 5 8 12 14 15 18 19 14 6 27 59 51 24 18 41 59 61 30 76 57 19 9 14 19 18 17 20 16 15
26 26 23 34 33 31 30 27 23 17 10 4 5 8 10 12 17 22 20 13 30 56 49 29 9 25 50 61 41 62 56 18 4 14 22 18 17 21 15 15
23 25 22 29 24 25 26 23 21 17 11 3 3 5 8 11 13 20 25 22 30 45 46 34 18 9 35 50 45 49 49 19 9 15 24 21 18 20 15 16
26 19 31 29 19 21 21 21 22 19 13 6 3 2 6 12 12 15 23 26 30 39 52 52 33 10 20 33 44 45 41 19 12 15 23 24 21 18 12 15
31 23 41 29 20 18 16 19 23 22 17 9 3 0 4 12 15 14 18 24 25 25 40 58 50 20 14 25 35 38 31 17 14 18 23 25 23 16 11 14
20 35 45 26 22 17 13 17 21 22 19 13 6 1 1 8 17 17 16 20 24 24 35 54 53 31 15 21 21 21 19 15 15 18 21 21 23 15 11 14
7 39 51 26 20 20 14 14 20 22 22 18 11 4 2 4 12 17 16 19 26 33 41 47 44 37 23 12 11 8 10 11 13 15 17 16 21 15 8 12
8 34 56 33 19 21 17 12 17 22 23 23 18 10 6 4 7 14 16 18 25 36 43 42 45 50 48 32 13 7 13 13 13 13 14 13 17 16 6 11
11 27 57 46 25 20 19 12 13 18 22 24 22 16 10 5 5 8 14 19 24 32 38 39 44 52 58 52 31 16 14 10 8 12 15 15 16 14 7 7
12 17 48 53 37 20 20 15 12 16 20 24 24 19 12 6 3 5 10 20 24 25 28 27 28 33 47 53 37 19 15 14 15 13 11 9 10 8 8 12
14 9 38 55 48 24 17 17 16 18 20 24 26 23 16 8 1 3 6 17 26 22 20 22 24 28 44 51 37 24 20 19 21 23 22 19 19 16 13 15
19 16 28 54 55 34 15 14 17 18 19 22 26 26 20 12 4 2 5 13 23 24 18 19 24 32 43 43 44 48 46 43 40 39 38 33 28 23 19 18
22 28 16 48 58 45 19 10 15 18 18 19 24 26 23 17 10 2 5 10 17 24 24 20 23 33 42 47 50 49 49 51 53 53 50 46 40 33 27 23
23 36 9 40 57 56 31 17 20 21 19 17 22 25 23 20 15 7 3 8 11 16 25 25 21 26 34 35 33 32 34 39 46 51 55 56 54 46 36 27
23 38 11 29 50 59 45 38 31 31 18 14 21 24 22 21 20 13 2 7 9 10 19 26 21 16 18 22 22 20 18 20 24 30 38 46 53 55 45 31
24 39 17 19 42 52 54 52 47 53 33 20 21 23 20 19 20 17 8 3 10 10 13 23 24 15 14 19 19 15 10 5 3 6 12 19 35 54 51 36
25 38 22 12 32 37 38 29 33 47 44 35 28 25 20 18 20 19 13 3 9 13 13 18 24 20 13 18 20 16 13 13 15 17 17 15 27 50 53 41
31 34 23 8 22 22 21 29 36 30 21 26 31 26 21 18 19 19 17 10 2 11 15 16 20 21 15 17 23 22 20 20 21 23 21 15 26 50 52 42
28 27 19 6 19 23 37 48 42 32 25 22 25 23 19 16 17 19 18 13 3 7 16 18 16 19 17 20 27 26 23 24 27 29 25 21 32 53 50 38
20 21 13 9 23 32 49 50 32 20 20 22 22 19 15 14 16 18 17 13 7 8 16 17 14 16 19 24 28 24 22 25 28 27 34 39 47 55 45 31
17 16 6 17 27 36 51 47 25 15 16 14 12 11 11 13 16 18 16 13 9 10 15 14 12 14 21 28 26 21 22 27 34 33 28 41 46 47 35 24
16 10 10 21 27 37 51 45 23 11 10 9 9 12 14 17 18 18 15 13 11 12 14 11 8 13 23 30 22 18 23 28 38 44 35 31 34 32 25 17
11 7 16 21 25 37 49 43 22 10 10 13 14 15 17 20 23 19 10 12 15 15 15 10 6 12 25 30 20 18 29 37 44 47 40 25 21 21 15 7
5 12 16 18 24 36 47 43 26 17 16 16 16 16 16 21 28 21 3 11 17 19 18 15 18 30 40 39 36 43 53 54 49 45 34 19 12 9 9 14
16 17 14 13 21 32 43 48 42 35 28 23 18 15 15 24 32 20 7 17 17 19 19 24 38 53 57 55 57 62 61 53 42 33 22 12 12 16 18 15
20 23 22 18 15 19 28 35 34 28 21 18 15 14 18 28 32 15 15 22 16 17 19 30 48 54 49 47 46 41 33 25 18 13 13 19 24 23 19 14
